2.59242,2.69446,0.98174,4.14686,3.32873,1.06867,3.43611,1.87145,4.1673,1.78694
3.09864,2.69446,0.98174,4.14686,3.32873,1.06867,3.43611,3.39521,4.1673,1.78694
2.59242,2.69446,2.73559,4.14686,3.32873,1.06867,3.43611,3.39521,4.1673,1.78694
3.09864,2.69446,2.73559,4.14686,3.32873,1.06867,3.43611,3.39521,4.1673,2.62822
2.59242,2.69446,2.73559,4.14686,3.32873,1.06867,3.43611,3.39521,4.1673,1.78694
3.09864,2.69446,2.73559,4.14686,3.32873,1.06867,3.43611,3.39521,4.1673,2.62822
2.59242,2.69446,2.73559,4.14686,3.32873,1.06867,3.43611,3.39521,4.1673,1.78694
3.09864,2.69446,0.98174,4.14686,3.32873,1.06867,3.43611,3.39521,4.1673,1.78694
2.59242,2.69446,0.98174,4.14686,3.32873,1.06867,3.43611,1.87145,4.1673,1.78694

